Name:	vcs1
Umask:	0022
State:	S (sleeping)
Tgid:	17241
Ngid:	0
Pid:	17241
PPid:	15161
TracerPid:	0
Uid:	114191087	114191087	114191087	114191087
Gid:	22	22	22	22
FDSize:	256
Groups:	22 30000 30001 30002 30003 30004 30005 30006 2092993 2092995 2092996 2092997 2092998 2092999 2093000 2093002 2093003 2093004 2093005 2093006 2093008 2093009 2093010 2093011 2093012 2093013 2093014 2093015 2093017 2093018 2093019 2093020 2093021 2093022 2274425 2274426 2275003 2275004 2275005 2275006 2275007 2275008 2275009 2275010 2275011 2275012 2275013 2275014 2275015 2275016 2275017 2275018 2275019 2275020 2275021 2275022 2275023 2275024 2275025 2275026 2275027 2275028 2275029 2275030 2275031 2275032 2277446 2277447 2277448 2280935 2294423 2294425 2294426 2296704 2296705 2296706 2296707 2296708 2296709 2296711 2347269 2410174 2410199 2410202 2410212 2410214 2410215 2410218 2410219 2410220 2410221 2516936 75776519 83998742 89927790 89938409 89943721 89949264 91181774 91182143 91182948 91183675 91184086 91203454 91205683 91205918 91206288 91206578 95564287 99421638 99664252 102605818 104965596 104997506 123004176 123004549 123006424 123006641 123006894 123007119 123007787 123007956 123008236 123008387 128147875 129666240 129666427 129666535 129666586 129666679 129666762 131540685 139134588 142930840 159428985 165940744 176913745 215109495 270598704 276773715 282774015 286602176 327392983 487632410 487647987 488796578 563304850 568403140 584274880 847816730 911613520 922486180 936340686 936341422 1097481058 
VmPeak:	  269688 kB
VmSize:	  269668 kB
VmLck:	       0 kB
VmPin:	       0 kB
VmHWM:	   99056 kB
VmRSS:	   99056 kB
RssAnon:	   45632 kB
RssFile:	   53424 kB
RssShmem:	       0 kB
VmData:	   62336 kB
VmStk:	     136 kB
VmExe:	  140996 kB
VmLib:	    7704 kB
VmPTE:	     508 kB
VmSwap:	       0 kB
Threads:	1
SigQ:	0/86162
SigPnd:	0000000000000000
ShdPnd:	0000000000000000
SigBlk:	0000000000010000
SigIgn:	0000000000000006
SigCgt:	00000001c00a7ef9
CapInh:	0000000000000000
CapPrm:	0000000000000000
CapEff:	0000000000000000
CapBnd:	0000001fffffffff
CapAmb:	0000000000000000
NoNewPrivs:	0
Seccomp:	0
Speculation_Store_Bypass:	thread vulnerable
Cpus_allowed:	ff
Cpus_allowed_list:	0-7
Mems_allowed:	00000000,00000000,00000000,00000000,00000000,00000000,00000000,00000000,00000000,00000000,00000000,00000000,00000000,00000000,00000000,00000000,00000000,00000000,00000000,00000000,00000000,00000000,00000000,00000000,00000000,00000000,00000000,00000000,00000000,00000000,00000000,00000001
Mems_allowed_list:	0
voluntary_ctxt_switches:	1653
nonvoluntary_ctxt_switches:	153
